     Targ     Col42     Col26     Col40      Col6     Col24     Col15     Col14     Col16  Col4
171     1  0.720000  0.770270  0.800000  0.656250  0.773585  0.611111  0.634615  0.855072  0.80
37      1  0.520000  0.229730  0.653333  0.359375  0.188679  0.629630  0.288462  0.507246  0.68
135     1  0.626667  0.608108  0.706667  0.546875  0.622642  0.648148  0.692308  0.710145  0.82
9       1  0.640000  0.432432  0.893333  0.656250  0.698113  0.648148  0.769231  0.710145  0.80
191     1  0.626667  0.418919  0.773333  0.515625  0.716981  0.740741  0.826923  0.739130  0.64
..    ...       ...       ...       ...       ...       ...       ...       ...       ...   ...
227     0  0.813333  0.702703  0.866667  0.515625  0.773585  0.685185  0.826923  0.797101  0.72
263     0  0.733333  0.986486  0.826667  0.671875  0.754717  0.962963  0.826923  0.913043  0.74
3       1  0.733333  0.729730  0.880000  0.562500  0.622642  0.796296  0.711538  0.840580  0.62
239     0  0.760000  0.756757  0.840000  0.578125  0.773585  0.759259  0.826923  0.855072  0.82
214     1  0.453333  0.513514  0.813333  0.718750  0.641509  0.666667  0.865385  0.710145  0.76

[178 rows x 10 columns]