     Targ     Col42     Col26     Col40      Col6     Col24     Col15     Col14     Col16  ...     Col22     Col36     Col23      Col8      Col2     Col13      Col5     Col32     Col34
223     1  0.746667  0.554054  0.866667  0.687500  0.735849  0.925926  0.826923  0.797101  ...  0.913043  0.812500  0.701754  0.650794  0.750000  0.872340  0.819672  0.880000  0.718750
121     1  0.893333  0.729730  0.946667  0.593750  0.660377  0.888889  0.788462  0.898551  ...  0.347826  0.890625  0.859649  0.888889  0.566667  0.872340  0.704918  0.760000  0.718750
259     0  0.786667  0.837838  0.986667  0.593750  0.830189  0.777778  0.884615  0.739130  ...  0.717391  0.812500  0.912281  0.793651  0.533333  0.872340  0.721311  0.893333  0.765625
47      1  0.453333  0.391892  0.733333  0.468750  0.566038  0.592593  0.750000  0.652174  ...  0.565217  0.765625  0.754386  0.682540  0.750000  0.787234  0.491803  0.853333  0.718750
132     1  0.853333  0.905405  0.826667  0.687500  0.773585  0.777778  0.788462  0.869565  ...  0.630435  0.953125  0.894737  0.809524  0.433333  0.787234  0.688525  0.906667  0.718750
..    ...       ...       ...       ...       ...       ...       ...       ...       ...  ...       ...       ...       ...       ...       ...       ...       ...       ...       ...
180     0  0.853333  0.770270  0.933333  0.687500  0.716981  0.870370  0.769231  0.855072  ...  0.456522  0.875000  0.701754  0.968254  0.883333  0.744681  0.786885  0.813333  0.781250
96      1  0.786667  0.621622  0.826667  0.656250  0.830189  0.740741  0.846154  0.840580  ...  0.739130  0.843750  0.894737  0.952381  0.800000  0.893617  0.737705  0.826667  0.671875
257     0  0.880000  0.770270  0.773333  0.671875  0.698113  0.870370  0.711538  0.855072  ...  0.760870  0.703125  0.649123  0.777778  0.716667  0.638298  0.901639  0.786667  0.781250
236     0  0.866667  0.729730  0.933333  0.765625  0.679245  0.870370  0.692308  0.927536  ...  0.826087  0.796875  0.701754  0.571429  0.666667  0.553191  0.901639  0.933333  0.859375
102     1  0.786667  0.513514  0.946667  0.531250  0.773585  0.814815  0.634615  0.768116  ...  0.586957  0.859375  0.894737  0.936508  0.650000  0.744681  0.622951  0.733333  0.687500

[178 rows x 20 columns]